function [C]=skinColor()
C=[255 218*0.9 180*0.9]./255;
end